The Shortest Path: 28 
The Longest Path: 1401 
Optimal Path: [[40.0, 0.0], [40.0, 40.0], [80.0, 40.0], [80.0, 80.0], [80.0, 120.0], [120.0, 120.0], [160.0, 120.0], [160.0, 160.0], [160.0, 200.0], [160.0, 240.0], [160.0, 280.0], [200.0, 280.0], [240.0, 280.0], [280.0, 280.0], [320.0, 280.0], [320.0, 320.0], [320.0, 360.0], [360.0, 360.0], [360.0, 400.0], [400.0, 400.0], [400.0, 440.0], [400.0, 480.0], [400.0, 520.0], [400.0, 560.0], [440.0, 560.0], [480.0, 560.0], [520.0, 560.0], [520.0, 520.0]] 
Final Path Q-table:                          0          1          2          3
[40.0, 0.0]       0.000000   6.461082  -5.000000   0.000000
[40.0, 40.0]      0.000000   0.000000   7.178980  -5.000000
[80.0, 40.0]     -5.000000   7.976644   0.000000   0.000000
[80.0, 80.0]      0.000000   8.862938  -5.000000   0.000000
[80.0, 120.0]     0.000000  -5.000000   9.847709   0.000000
[120.0, 120.0]   -5.000000   0.000000  10.941899   7.976644
[160.0, 120.0]    0.000000  12.157665   0.000000   0.000000
[160.0, 160.0]    9.847709  13.508517  -5.000000   0.000000
[160.0, 200.0]    0.000000  15.009464   0.000000   0.000000
[160.0, 240.0]    0.000000  16.677182   0.000000  -4.950000
[160.0, 280.0]    0.000000   0.000000  18.530202   0.000000
[200.0, 280.0]    0.000000  -4.950000  20.589113   0.000000
[240.0, 280.0]   -4.999500   0.000000  22.876792   0.000000
[280.0, 280.0]    0.000000   0.000000  25.418658   0.000000
[320.0, 280.0]    0.000000  28.242954  -0.900000   0.000000
[320.0, 320.0]    0.000000  31.381060  -4.500000   0.000000
[320.0, 360.0]    0.000000   0.000000  34.867844  -4.500000
[360.0, 360.0]   -4.500000  38.742049   0.000000   0.000000
[360.0, 400.0]    0.000000  -4.500000  43.046721   0.000000
[400.0, 400.0]    0.000000  47.829690   0.000000   0.000000
[400.0, 440.0]    0.000000  53.144100   0.000000  -4.500000
[400.0, 480.0]    0.000000  59.049000   0.000000  43.046717
[400.0, 520.0]    0.000000  65.610000   0.000000   0.000000
[400.0, 560.0]    0.000000   0.000000  72.900000   0.000000
[440.0, 560.0]    0.000000   0.000000  81.000000   0.000000
[480.0, 560.0]   -4.950000   0.000000  90.000000   0.000000
[520.0, 560.0]  100.000000   0.000000  -4.500000   0.000000 
Full Q-table::                   0         1         2    3
[0.0, 0.0]      0.0 -5.000000  5.814974  0.0
Obstacle        0.0  0.000000  0.000000  0.0
[40.0, 0.0]     0.0  6.461082 -5.000000  0.0
[40.0, 40.0]    0.0  0.000000  7.178980 -5.0
[80.0, 40.0]   -5.0  7.976644  0.000000  0.0
...             ...       ...       ...  ...
[560.0, 360.0] -4.5  0.000000  0.000000  0.0
[520.0, 360.0]  0.0  0.000000  0.000000  0.0
[560.0, 160.0] -4.5  0.000000  0.000000 -4.5
[560.0, 40.0]  -4.5  0.000000  0.000000 -4.5
[520.0, 0.0]    0.0 -4.500000 -4.500000  0.0

[176 rows x 4 columns] 
