The Shortest Path: 28 
The Longest Path: 550 
Optimal Path: [[40.0, 0.0], [40.0, 40.0], [40.0, 80.0], [40.0, 120.0], [40.0, 160.0], [40.0, 200.0], [40.0, 240.0], [80.0, 240.0], [80.0, 280.0], [120.0, 280.0], [160.0, 280.0], [160.0, 320.0], [160.0, 360.0], [200.0, 360.0], [240.0, 360.0], [240.0, 400.0], [280.0, 400.0], [320.0, 400.0], [320.0, 440.0], [320.0, 480.0], [360.0, 480.0], [360.0, 520.0], [360.0, 560.0], [400.0, 560.0], [440.0, 560.0], [480.0, 560.0], [520.0, 560.0], [520.0, 520.0]] 
Final Path Q-table:                          0          1          2          3
[40.0, 0.0]      -4.104407   2.099550  -5.000000  -2.055044
[40.0, 40.0]     -3.302516   1.967389  -4.061254  -5.000000
[40.0, 80.0]     -4.119704   1.462201  -0.919095  -0.012449
[40.0, 120.0]    -3.295571   0.998683   1.750480  -5.000000
[40.0, 160.0]    -2.239626   0.895676  -5.000000  -3.647892
[40.0, 200.0]    -0.719129  -3.280719   0.391534  -1.899991
[40.0, 240.0]    -0.233413  -5.000000   9.847704  -3.284249
[80.0, 240.0]    -4.000866   1.387104  -5.000000  -4.050001
[80.0, 280.0]    -2.664114  -3.163169   0.324364  -5.000000
[120.0, 280.0]   -5.000000  -5.000000   0.170468  -1.978908
[160.0, 280.0]   -3.439421   0.036780  -3.314143  -0.500884
[160.0, 320.0]   -2.579885  -2.332648  -5.000000  -5.000000
[160.0, 360.0]   -0.973352  -0.428563  -3.493924  -4.050894
[200.0, 360.0]   -5.000000  -5.000000  -2.542879  15.517152
[240.0, 360.0]   -3.282946  -1.290420  -5.000000  -4.048767
[240.0, 400.0]   -4.020465  -4.999995   1.036072  -5.000000
[280.0, 400.0]   -5.000000  -1.160020   7.942310  -4.110057
[320.0, 400.0]   -2.777621  16.501423  -4.033209  -2.777935
[320.0, 440.0]   -3.287799  26.688280  -5.000000  -3.087450
[320.0, 480.0]   -1.166957   1.711174   7.072903  -0.391565
[360.0, 480.0]   -5.000000  43.939945   0.138748   0.238742
[360.0, 520.0]    4.678612   5.156711  58.510487   4.770994
[360.0, 560.0]    5.121811   4.392585   3.671136   6.237530
[400.0, 560.0]   59.049000  53.883428  72.220537   7.833147
[440.0, 560.0]   50.404889  13.880242  81.000000   3.740890
[480.0, 560.0]   -5.000000  -2.835820  90.000000   4.278974
[520.0, 560.0]  100.000000  90.000000  -5.000000  49.840349 
Full Q-table::                        0         1         2         3
[0.0, 0.0]     -4.083781 -5.000000  2.638752 -4.418550
Obstacle        0.000000  0.000000  0.000000  0.000000
[40.0, 0.0]    -4.104407  2.099550 -5.000000 -2.055044
[40.0, 40.0]   -3.302516  1.967389 -4.061254 -5.000000
[40.0, 80.0]   -4.119704  1.462201 -0.919095 -0.012449
...                  ...       ...       ...       ...
[520.0, 440.0] -0.018998 -4.950000 -2.952450 -3.645000
[560.0, 440.0] -0.003294 -4.995000 -1.404229 -0.144136
[560.0, 400.0] -4.089535 -4.009859 -1.768169 -4.010247
[560.0, 360.0] -5.000000 -0.363298 -4.057762 -2.952618
[520.0, 400.0] -2.954453 -2.130813 -0.287858 -4.999500

[176 rows x 4 columns] 
